   jpnij   jpimax  jpjmax    jpk  jpiglo  jpjglo ( local:    narea     jpi     jpj )
     831      38      41      75    1442    1207 ( local:        1      38      41 )
nproc nlci nlcj nldi nldj nlei nlej nimp njmp nono noso nowe noea nbondi nbondj 
    0   38   41    1    1   37   40  361  157   10   -1   -1    1     -1     -1
    1   38   41    2    1   37   40  397  157   11   -1    0    2      0     -1
    2   38   41    2    1   37   40  433  157   12   -1    1    3      0     -1
    3   38   41    2    1   37   40  469  157   13   -1    2    4      0     -1
    4   38   41    2    1   37   40  505  157   14   -1    3    5      0     -1
    5   38   41    2    1   38   40  541  157   15   -1    4   -1      1     -1
    6   38   41    1    1   37   40  901  157   22   -1   -1    7     -1     -1
    7   38   41    2    1   37   40  937  157   23   -1    6    8      0     -1
    8   38   41    2    1   37   40  973  157   24   -1    7    9      0     -1
    9   38   41    2    1   38   40 1009  157   25   -1    8   -1      1     -1
   10   38   41    1    2   37   40  361  196   27    0   -1   11     -1      0
   11   38   41    2    2   37   40  397  196   28    1   10   12      0      0
   12   38   41    2    2   37   40  433  196   29    2   11   13      0      0
   13   38   41    2    2   37   40  469  196   30    3   12   14      0      0
   14   38   41    2    2   37   40  505  196   31    4   13   15      0      0
   15   38   41    2    2   37   40  541  196   32    5   14   16      0      0
   16   38   41    2    1   37   40  577  196   33   -1   15   17      0     -1
   17   38   41    2    1   37   40  613  196   34   -1   16   18      0     -1
   18   38   41    2    1   37   40  649  196   35   -1   17   19      0     -1
   19   38   41    2    1   37   40  685  196   36   -1   18   20      0     -1
   20   38   41    2    1   38   40  721  196   37   -1   19   -1      1     -1
   21   38   41    1    1   38   40  793  196   39   -1   -1   -1      2     -1
   22   38   41    1    2   37   40  901  196   41    6   -1   23     -1      0
   23   38   41    2    2   37   40  937  196   42    7   22   24      0      0
   24   38   41    2    2   37   40  973  196   43    8   23   25      0      0
   25   38   41    2    2   37   40 1009  196   44    9   24   26      0      0
   26   38   41    2    1   38   40 1045  196   45   -1   25   -1      1     -1
   27   38   41    1    2   37   40  361  235   50   10   -1   28     -1      0
   28   38   41    2    2   37   40  397  235   51   11   27   29      0      0
   29   38   41    2    2   37   40  433  235   52   12   28   30      0      0
   30   38   41    2    2   37   40  469  235   53   13   29   31      0      0
   31   38   41    2    2   37   40  505  235   54   14   30   32      0      0
   32   38   41    2    2   37   40  541  235   55   15   31   33      0      0
   33   38   41    2    2   37   40  577  235   56   16   32   34      0      0
   34   38   41    2    2   37   40  613  235   57   17   33   35      0      0
   35   38   41    2    2   37   40  649  235   58   18   34   36      0      0
   36   38   41    2    2   37   40  685  235   59   19   35   37      0      0
   37   38   41    2    2   37   40  721  235   60   20   36   38      0      0
   38   38   41    2    1   37   40  757  235   61   -1   37   39      0     -1
   39   38   41    2    2   37   40  793  235   62   21   38   40      0      0
   40   38   41    2    1   38   40  829  235   63   -1   39   -1      1     -1
   41   38   41    1    2   37   40  901  235   65   22   -1   42     -1      0
   42   38   41    2    2   37   40  937  235   66   23   41   43      0      0
   43   38   41    2    2   37   40  973  235   67   24   42   44      0      0
   44   38   41    2    2   37   40 1009  235   68   25   43   45      0      0
   45   38   41    2    2   37   40 1045  235   69   26   44   46      0      0
   46   38   41    2    1   38   40 1081  235   70   -1   45   -1      1     -1
   47   38   41    2    1   38   40    1  274   80   -1   79   -1      1     -1
   48   38   41    1    1   37   40  289  274   88   -1   -1   49     -1     -1
   49   38   41    2    1   37   40  325  274   89   -1   48   50      0     -1
   50   38   41    2    2   37   40  361  274   90   27   49   51      0      0
   51   38   41    2    2   37   40  397  274   91   28   50   52      0      0
   52   38   41    2    2   37   40  433  274   92   29   51   53      0      0
   53   38   41    2    2   37   40  469  274   93   30   52   54      0      0
   54   38   41    2    2   37   40  505  274   94   31   53   55      0      0
   55   38   41    2    2   37   40  541  274   95   32   54   56      0      0
   56   38   41    2    2   37   40  577  274   96   33   55   57      0      0
   57   38   41    2    2   37   40  613  274   97   34   56   58      0      0
   58   38   41    2    2   37   40  649  274   98   35   57   59      0      0
   59   38   41    2    2   37   40  685  274   99   36   58   60      0      0
   60   38   41    2    2   37   40  721  274  100   37   59   61      0      0
   61   38   41    2    2   37   40  757  274  101   38   60   62      0      0
   62   38   41    2    2   37   40  793  274  102   39   61   63      0      0
   63   38   41    2    2   37   40  829  274  103   40   62   64      0      0
   64   38   41    2    1   37   40  865  274  104   -1   63   65      0     -1
   65   38   41    2    2   37   40  901  274  105   41   64   66      0      0
   66   38   41    2    2   37   40  937  274  106   42   65   67      0      0
   67   38   41    2    2   37   40  973  274  107   43   66   68      0      0
   68   38   41    2    2   37   40 1009  274  108   44   67   69      0      0
   69   38   41    2    2   37   40 1045  274  109   45   68   70      0      0
   70   38   41    2    2   37   40 1081  274  110   46   69   71      0      0
   71   38   41    2    1   37   40 1117  274  111   -1   70   72      0     -1
   72   38   41    2    1   37   40 1153  274  112   -1   71   73      0     -1
   73   38   41    2    1   37   40 1189  274  113   -1   72   74      0     -1
   74   38   41    2    1   37   40 1225  274  114   -1   73   75      0     -1
   75   38   41    2    1   37   40 1261  274  115   -1   74   76      0     -1
   76   38   41    2    1   37   40 1297  274  116   -1   75   77      0     -1
   77   38   41    2    1   37   40 1333  274  117   -1   76   78      0     -1
   78   38   41    2    1   37   40 1369  274  118   -1   77   79      0     -1
   79   38   41    2    1   37   40 1405  274  119   -1   78   47      0     -1
   80   38   41    2    2   37   40    1  313  120   47  119   81      0      0
   81   38   41    2    1   37   40   37  313  121   -1   80   82      0     -1
   82   38   41    2    1   37   40   73  313  122   -1   81   83      0     -1
   83   38   41    2    1   37   40  109  313  123   -1   82   84      0     -1
   84   38   41    2    1   37   40  145  313  124   -1   83   85      0     -1
   85   38   41    2    1   37   40  181  313  125   -1   84   86      0     -1
   86   38   41    2    1   37   40  217  313  126   -1   85   87      0     -1
   87   38   41    2    1   37   40  253  313  127   -1   86   88      0     -1
   88   38   41    2    2   37   40  289  313  128   48   87   89      0      0
   89   38   41    2    2   37   40  325  313  129   49   88   90      0      0
   90   38   41    2    2   37   40  361  313  130   50   89   91      0      0
   91   38   41    2    2   37   40  397  313  131   51   90   92      0      0
   92   38   41    2    2   37   40  433  313  132   52   91   93      0      0
   93   38   41    2    2   37   40  469  313  133   53   92   94      0      0
   94   38   41    2    2   37   40  505  313  134   54   93   95      0      0
   95   38   41    2    2   37   40  541  313  135   55   94   96      0      0
   96   38   41    2    2   37   40  577  313  136   56   95   97      0      0
   97   38   41    2    2   37   40  613  313  137   57   96   98      0      0
   98   38   41    2    2   37   40  649  313  138   58   97   99      0      0
   99   38   41    2    2   37   40  685  313  139   59   98  100      0      0
  100   38   41    2    2   37   40  721  313  140   60   99  101      0      0
  101   38   41    2    2   37   40  757  313  141   61  100  102      0      0
  102   38   41    2    2   37   40  793  313  142   62  101  103      0      0
  103   38   41    2    2   37   40  829  313  143   63  102  104      0      0
  104   38   41    2    2   37   40  865  313  144   64  103  105      0      0
  105   38   41    2    2   37   40  901  313  145   65  104  106      0      0
  106   38   41    2    2   37   40  937  313  146   66  105  107      0      0
  107   38   41    2    2   37   40  973  313  147   67  106  108      0      0
  108   38   41    2    2   37   40 1009  313  148   68  107  109      0      0
  109   38   41    2    2   37   40 1045  313  149   69  108  110      0      0
  110   38   41    2    2   37   40 1081  313  150   70  109  111      0      0
  111   38   41    2    2   37   40 1117  313  151   71  110  112      0      0
  112   38   41    2    2   37   40 1153  313  152   72  111  113      0      0
  113   38   41    2    2   37   40 1189  313  153   73  112  114      0      0
  114   38   41    2    2   37   40 1225  313  154   74  113  115      0      0
  115   38   41    2    2   37   40 1261  313  155   75  114  116      0      0
  116   38   41    2    2   37   40 1297  313  156   76  115  117      0      0
  117   38   41    2    2   37   40 1333  313  157   77  116  118      0      0
  118   38   41    2    2   37   40 1369  313  158   78  117  119      0      0
  119   38   41    2    2   37   40 1405  313  159   79  118   80      0      0
  120   38   41    2    2   37   40    1  352  160   80  159  121      0      0
  121   38   41    2    2   37   40   37  352  161   81  120  122      0      0
  122   38   41    2    2   37   40   73  352  162   82  121  123      0      0
  123   38   41    2    2   37   40  109  352  163   83  122  124      0      0
  124   38   41    2    2   37   40  145  352  164   84  123  125      0      0
  125   38   41    2    2   37   40  181  352  165   85  124  126      0      0
  126   38   41    2    2   37   40  217  352  166   86  125  127      0      0
  127   38   41    2    2   37   40  253  352  167   87  126  128      0      0
  128   38   41    2    2   37   40  289  352  168   88  127  129      0      0
  129   38   41    2    2   37   40  325  352  169   89  128  130      0      0
  130   38   41    2    2   37   40  361  352  170   90  129  131      0      0
  131   38   41    2    2   37   40  397  352  171   91  130  132      0      0
  132   38   41    2    2   37   40  433  352  172   92  131  133      0      0
  133   38   41    2    2   37   40  469  352  173   93  132  134      0      0
  134   38   41    2    2   37   40  505  352  174   94  133  135      0      0
  135   38   41    2    2   37   40  541  352  175   95  134  136      0      0
  136   38   41    2    2   37   40  577  352  176   96  135  137      0      0
  137   38   41    2    2   37   40  613  352  177   97  136  138      0      0
  138   38   41    2    2   37   40  649  352  178   98  137  139      0      0
  139   38   41    2    2   37   40  685  352  179   99  138  140      0      0
  140   38   41    2    2   37   40  721  352  180  100  139  141      0      0
  141   38   41    2    2   37   40  757  352  181  101  140  142      0      0
  142   38   41    2    2   37   40  793  352  182  102  141  143      0      0
  143   38   41    2    2   37   40  829  352  183  103  142  144      0      0
  144   38   41    2    2   37   40  865  352  184  104  143  145      0      0
  145   38   41    2    2   37   40  901  352  185  105  144  146      0      0
  146   38   41    2    2   37   40  937  352  186  106  145  147      0      0
  147   38   41    2    2   37   40  973  352  187  107  146  148      0      0
  148   38   41    2    2   37   40 1009  352  188  108  147  149      0      0
  149   38   41    2    2   37   40 1045  352  189  109  148  150      0      0
  150   38   41    2    2   37   40 1081  352  190  110  149  151      0      0
  151   38   41    2    2   37   40 1117  352  191  111  150  152      0      0
  152   38   41    2    2   37   40 1153  352  192  112  151  153      0      0
  153   38   41    2    2   37   40 1189  352  193  113  152  154      0      0
  154   38   41    2    2   37   40 1225  352  194  114  153  155      0      0
  155   38   41    2    2   37   40 1261  352  195  115  154  156      0      0
  156   38   41    2    2   37   40 1297  352  196  116  155  157      0      0
  157   38   41    2    2   37   40 1333  352  197  117  156  158      0      0
  158   38   41    2    2   37   40 1369  352  198  118  157  159      0      0
  159   38   41    2    2   37   40 1405  352  199  119  158  120      0      0
  160   38   41    2    2   37   40    1  391  200  120  199  161      0      0
  161   38   41    2    2   37   40   37  391  201  121  160  162      0      0
  162   38   41    2    2   37   40   73  391  202  122  161  163      0      0
  163   38   41    2    2   37   40  109  391  203  123  162  164      0      0
  164   38   41    2    2   37   40  145  391  204  124  163  165      0      0
  165   38   41    2    2   37   40  181  391  205  125  164  166      0      0
  166   38   41    2    2   37   40  217  391  206  126  165  167      0      0
  167   38   41    2    2   37   40  253  391  207  127  166  168      0      0
  168   38   41    2    2   37   40  289  391  208  128  167  169      0      0
  169   38   41    2    2   37   40  325  391  209  129  168  170      0      0
  170   38   41    2    2   37   40  361  391  210  130  169  171      0      0
  171   38   41    2    2   37   40  397  391  211  131  170  172      0      0
  172   38   41    2    2   37   40  433  391  212  132  171  173      0      0
  173   38   41    2    2   37   40  469  391  213  133  172  174      0      0
  174   38   41    2    2   37   40  505  391  214  134  173  175      0      0
  175   38   41    2    2   37   40  541  391  215  135  174  176      0      0
  176   38   41    2    2   37   40  577  391  216  136  175  177      0      0
  177   38   41    2    2   37   40  613  391  217  137  176  178      0      0
  178   38   41    2    2   37   40  649  391  218  138  177  179      0      0
  179   38   41    2    2   37   40  685  391  219  139  178  180      0      0
  180   38   41    2    2   37   40  721  391  220  140  179  181      0      0
  181   38   41    2    2   37   40  757  391  221  141  180  182      0      0
  182   38   41    2    2   37   40  793  391  222  142  181  183      0      0
  183   38   41    2    2   37   40  829  391  223  143  182  184      0      0
  184   38   41    2    2   37   40  865  391  224  144  183  185      0      0
  185   38   41    2    2   37   40  901  391  225  145  184  186      0      0
  186   38   41    2    2   37   40  937  391  226  146  185  187      0      0
  187   38   41    2    2   37   40  973  391  227  147  186  188      0      0
  188   38   41    2    2   37   40 1009  391  228  148  187  189      0      0
  189   38   41    2    2   37   40 1045  391  229  149  188  190      0      0
  190   38   41    2    2   37   40 1081  391  230  150  189  191      0      0
  191   38   41    2    2   37   40 1117  391  231  151  190  192      0      0
  192   38   41    2    2   37   40 1153  391  232  152  191  193      0      0
  193   38   41    2    2   37   40 1189  391  233  153  192  194      0      0
  194   38   41    2    2   37   40 1225  391  234  154  193  195      0      0
  195   38   41    2    2   37   40 1261  391  235  155  194  196      0      0
  196   38   41    2    2   37   40 1297  391  236  156  195  197      0      0
  197   38   41    2    2   37   40 1333  391  237  157  196  198      0      0
  198   38   41    2    2   37   40 1369  391  238  158  197  199      0      0
  199   38   41    2    2   37   40 1405  391  239  159  198  160      0      0
  200   38   41    2    2   37   40    1  430  240  160  239  201      0      0
  201   38   41    2    2   37   40   37  430  241  161  200  202      0      0
  202   38   41    2    2   37   40   73  430  242  162  201  203      0      0
  203   38   41    2    2   37   40  109  430  243  163  202  204      0      0
  204   38   41    2    2   37   40  145  430  244  164  203  205      0      0
  205   38   41    2    2   37   40  181  430  245  165  204  206      0      0
  206   38   41    2    2   37   40  217  430  246  166  205  207      0      0
  207   38   41    2    2   37   40  253  430  247  167  206  208      0      0
  208   38   41    2    2   37   40  289  430  248  168  207  209      0      0
  209   38   41    2    2   37   40  325  430  249  169  208  210      0      0
  210   38   41    2    2   37   40  361  430  250  170  209  211      0      0
  211   38   41    2    2   37   40  397  430  251  171  210  212      0      0
  212   38   41    2    2   37   40  433  430  252  172  211  213      0      0
  213   38   41    2    2   37   40  469  430  253  173  212  214      0      0
  214   38   41    2    2   37   40  505  430  254  174  213  215      0      0
  215   38   41    2    2   37   40  541  430  255  175  214  216      0      0
  216   38   41    2    2   37   40  577  430  256  176  215  217      0      0
  217   38   41    2    2   37   40  613  430  257  177  216  218      0      0
  218   38   41    2    2   37   40  649  430  258  178  217  219      0      0
  219   38   41    2    2   37   40  685  430  259  179  218  220      0      0
  220   38   41    2    2   37   40  721  430  260  180  219  221      0      0
  221   38   41    2    2   37   40  757  430  261  181  220  222      0      0
  222   38   41    2    2   37   40  793  430  262  182  221  223      0      0
  223   38   41    2    2   37   40  829  430  263  183  222  224      0      0
  224   38   41    2    2   37   40  865  430  264  184  223  225      0      0
  225   38   41    2    2   37   40  901  430  265  185  224  226      0      0
  226   38   41    2    2   37   40  937  430  266  186  225  227      0      0
  227   38   41    2    2   37   40  973  430  267  187  226  228      0      0
  228   38   41    2    2   37   40 1009  430  268  188  227  229      0      0
  229   38   41    2    2   37   40 1045  430  269  189  228  230      0      0
  230   38   41    2    2   37   40 1081  430  270  190  229  231      0      0
  231   38   41    2    2   37   40 1117  430  271  191  230  232      0      0
  232   38   41    2    2   37   40 1153  430  272  192  231  233      0      0
  233   38   41    2    2   37   40 1189  430  273  193  232  234      0      0
  234   38   41    2    2   37   40 1225  430  274  194  233  235      0      0
  235   38   41    2    2   37   40 1261  430  275  195  234  236      0      0
  236   38   41    2    2   37   40 1297  430  276  196  235  237      0      0
  237   38   41    2    2   37   40 1333  430  277  197  236  238      0      0
  238   38   41    2    2   37   40 1369  430  278  198  237  239      0      0
  239   38   41    2    2   37   40 1405  430  279  199  238  200      0      0
  240   38   41    2    2   37   40    1  469  280  200  279  241      0      0
  241   38   41    2    2   37   40   37  469  281  201  240  242      0      0
  242   38   41    2    2   37   40   73  469  282  202  241  243      0      0
  243   38   41    2    2   37   40  109  469  283  203  242  244      0      0
  244   38   41    2    2   37   40  145  469  284  204  243  245      0      0
  245   38   41    2    2   37   40  181  469  285  205  244  246      0      0
  246   38   41    2    2   37   40  217  469  286  206  245  247      0      0
  247   38   41    2    2   37   40  253  469  287  207  246  248      0      0
  248   38   41    2    2   37   40  289  469  288  208  247  249      0      0
  249   38   41    2    2   37   40  325  469  289  209  248  250      0      0
  250   38   41    2    2   37   40  361  469  290  210  249  251      0      0
  251   38   41    2    2   37   40  397  469  291  211  250  252      0      0
  252   38   41    2    2   37   40  433  469  292  212  251  253      0      0
  253   38   41    2    2   37   40  469  469  293  213  252  254      0      0
  254   38   41    2    2   37   40  505  469  294  214  253  255      0      0
  255   38   41    2    2   37   40  541  469  295  215  254  256      0      0
  256   38   41    2    2   37   40  577  469  296  216  255  257      0      0
  257   38   41    2    2   37   40  613  469  297  217  256  258      0      0
  258   38   41    2    2   37   40  649  469  298  218  257  259      0      0
  259   38   41    2    2   37   40  685  469  299  219  258  260      0      0
  260   38   41    2    2   37   40  721  469  300  220  259  261      0      0
  261   38   41    2    2   37   40  757  469  301  221  260  262      0      0
  262   38   41    2    2   37   40  793  469  302  222  261  263      0      0
  263   38   41    2    2   37   40  829  469  303  223  262  264      0      0
  264   38   41    2    2   37   40  865  469  304  224  263  265      0      0
  265   38   41    2    2   37   40  901  469  305  225  264  266      0      0
  266   38   41    2    2   37   40  937  469  306  226  265  267      0      0
  267   38   41    2    2   37   40  973  469  307  227  266  268      0      0
  268   38   41    2    2   37   40 1009  469  308  228  267  269      0      0
  269   38   41    2    2   37   40 1045  469  309  229  268  270      0      0
  270   38   41    2    2   37   40 1081  469  310  230  269  271      0      0
  271   38   41    2    2   37   40 1117  469  311  231  270  272      0      0
  272   38   41    2    2   37   40 1153  469  312  232  271  273      0      0
  273   38   41    2    2   37   40 1189  469  313  233  272  274      0      0
  274   38   41    2    2   37   40 1225  469  314  234  273  275      0      0
  275   38   41    2    2   37   40 1261  469  315  235  274  276      0      0
  276   38   41    2    2   37   40 1297  469  316  236  275  277      0      0
  277   38   41    2    2   37   40 1333  469  317  237  276  278      0      0
  278   38   41    2    2   37   40 1369  469  318  238  277  279      0      0
  279   38   41    2    2   37   40 1405  469  319  239  278  240      0      0
  280   38   41    2    2   37   40    1  508  320  240  319  281      0      0
  281   38   41    2    2   37   40   37  508  321  241  280  282      0      0
  282   38   41    2    2   37   40   73  508  322  242  281  283      0      0
  283   38   41    2    2   37   40  109  508  323  243  282  284      0      0
  284   38   41    2    2   37   40  145  508  324  244  283  285      0      0
  285   38   41    2    2   37   40  181  508  325  245  284  286      0      0
  286   38   41    2    2   37   40  217  508  326  246  285  287      0      0
  287   38   41    2    2   37   41  253  508   -1  247  286  288      0      1
  288   38   41    2    2   37   40  289  508  327  248  287  289      0      0
  289   38   41    2    2   37   40  325  508  328  249  288  290      0      0
  290   38   41    2    2   37   40  361  508  329  250  289  291      0      0
  291   38   41    2    2   37   40  397  508  330  251  290  292      0      0
  292   38   41    2    2   37   40  433  508  331  252  291  293      0      0
  293   38   41    2    2   37   40  469  508  332  253  292  294      0      0
  294   38   41    2    2   37   40  505  508  333  254  293  295      0      0
  295   38   41    2    2   37   40  541  508  334  255  294  296      0      0
  296   38   41    2    2   37   40  577  508  335  256  295  297      0      0
  297   38   41    2    2   37   40  613  508  336  257  296  298      0      0
  298   38   41    2    2   37   40  649  508  337  258  297  299      0      0
  299   38   41    2    2   37   40  685  508  338  259  298  300      0      0
  300   38   41    2    2   37   40  721  508  339  260  299  301      0      0
  301   38   41    2    2   37   40  757  508  340  261  300  302      0      0
  302   38   41    2    2   37   40  793  508  341  262  301  303      0      0
  303   38   41    2    2   37   40  829  508  342  263  302  304      0      0
  304   38   41    2    2   37   40  865  508  343  264  303  305      0      0
  305   38   41    2    2   37   41  901  508   -1  265  304  306      0      1
  306   38   41    2    2   37   40  937  508  344  266  305  307      0      0
  307   38   41    2    2   37   40  973  508  345  267  306  308      0      0
  308   38   41    2    2   37   40 1009  508  346  268  307  309      0      0
  309   38   41    2    2   37   40 1045  508  347  269  308  310      0      0
  310   38   41    2    2   37   40 1081  508  348  270  309  311      0      0
  311   38   41    2    2   37   40 1117  508  349  271  310  312      0      0
  312   38   41    2    2   37   40 1153  508  350  272  311  313      0      0
  313   38   41    2    2   37   40 1189  508  351  273  312  314      0      0
  314   38   41    2    2   37   41 1225  508   -1  274  313  315      0      1
  315   38   41    2    2   37   40 1261  508  352  275  314  316      0      0
  316   38   41    2    2   37   40 1297  508  353  276  315  317      0      0
  317   38   41    2    2   37   40 1333  508  354  277  316  318      0      0
  318   38   41    2    2   37   40 1369  508  355  278  317  319      0      0
  319   38   41    2    2   37   40 1405  508  356  279  318  280      0      0
  320   38   41    2    2   37   40    1  547  357  280  356  321      0      0
  321   38   41    2    2   37   40   37  547  358  281  320  322      0      0
  322   38   41    2    2   37   40   73  547  359  282  321  323      0      0
  323   38   41    2    2   37   40  109  547  360  283  322  324      0      0
  324   38   41    2    2   37   40  145  547  361  284  323  325      0      0
  325   38   41    2    2   37   40  181  547  362  285  324  326      0      0
  326   38   41    2    2   38   40  217  547  363  286  325   -1      1      0
  327   38   41    1    2   37   40  289  547  365  288   -1  328     -1      0
  328   38   41    2    2   37   40  325  547  366  289  327  329      0      0
  329   38   41    2    2   37   40  361  547  367  290  328  330      0      0
  330   38   41    2    2   37   40  397  547  368  291  329  331      0      0
  331   38   41    2    2   37   40  433  547  369  292  330  332      0      0
  332   38   41    2    2   37   40  469  547  370  293  331  333      0      0
  333   38   41    2    2   37   40  505  547  371  294  332  334      0      0
  334   38   41    2    2   37   40  541  547  372  295  333  335      0      0
  335   38   41    2    2   37   40  577  547  373  296  334  336      0      0
  336   38   41    2    2   37   40  613  547  374  297  335  337      0      0
  337   38   41    2    2   37   40  649  547  375  298  336  338      0      0
  338   38   41    2    2   37   40  685  547  376  299  337  339      0      0
  339   38   41    2    2   37   40  721  547  377  300  338  340      0      0
  340   38   41    2    2   37   40  757  547  378  301  339  341      0      0
  341   38   41    2    2   37   40  793  547  379  302  340  342      0      0
  342   38   41    2    2   37   40  829  547  380  303  341  343      0      0
  343   38   41    2    2   38   40  865  547  381  304  342   -1      1      0
  344   38   41    1    2   37   40  937  547  382  306   -1  345     -1      0
  345   38   41    2    2   37   40  973  547  383  307  344  346      0      0
  346   38   41    2    2   37   40 1009  547  384  308  345  347      0      0
  347   38   41    2    2   37   40 1045  547  385  309  346  348      0      0
  348   38   41    2    2   37   40 1081  547  386  310  347  349      0      0
  349   38   41    2    2   37   40 1117  547  387  311  348  350      0      0
  350   38   41    2    2   37   40 1153  547  388  312  349  351      0      0
  351   38   41    2    2   38   40 1189  547  389  313  350   -1      1      0
  352   38   41    1    2   37   40 1261  547  390  315   -1  353     -1      0
  353   38   41    2    2   37   40 1297  547  391  316  352  354      0      0
  354   38   41    2    2   37   40 1333  547  392  317  353  355      0      0
  355   38   41    2    2   37   40 1369  547  393  318  354  356      0      0
  356   38   41    2    2   37   40 1405  547  394  319  355  320      0      0
  357   38   41    2    2   37   40    1  586  395  320  394  358      0      0
  358   38   41    2    2   37   40   37  586  396  321  357  359      0      0
  359   38   41    2    2   37   40   73  586  397  322  358  360      0      0
  360   38   41    2    2   37   40  109  586  398  323  359  361      0      0
  361   38   41    2    2   37   40  145  586  399  324  360  362      0      0
  362   38   41    2    2   37   40  181  586  400  325  361  363      0      0
  363   38   41    2    2   37   40  217  586  401  326  362  364      0      0
  364   38   41    2    1   37   40  253  586  402   -1  363  365      0     -1
  365   38   41    2    2   37   40  289  586  403  327  364  366      0      0
  366   38   41    2    2   37   40  325  586  404  328  365  367      0      0
  367   38   41    2    2   37   40  361  586  405  329  366  368      0      0
  368   38   41    2    2   37   40  397  586  406  330  367  369      0      0
  369   38   41    2    2   37   40  433  586  407  331  368  370      0      0
  370   38   41    2    2   37   40  469  586  408  332  369  371      0      0
  371   38   41    2    2   37   40  505  586  409  333  370  372      0      0
  372   38   41    2    2   37   40  541  586  410  334  371  373      0      0
  373   38   41    2    2   37   40  577  586  411  335  372  374      0      0
  374   38   41    2    2   37   40  613  586  412  336  373  375      0      0
  375   38   41    2    2   37   40  649  586  413  337  374  376      0      0
  376   38   41    2    2   37   40  685  586  414  338  375  377      0      0
  377   38   41    2    2   37   40  721  586  415  339  376  378      0      0
  378   38   41    2    2   37   40  757  586  416  340  377  379      0      0
  379   38   41    2    2   37   40  793  586  417  341  378  380      0      0
  380   38   41    2    2   37   40  829  586  418  342  379  381      0      0
  381   38   41    2    2   38   41  865  586   -1  343  380   -1      1      1
  382   38   41    1    2   37   41  937  586   -1  344   -1  383     -1      1
  383   38   41    2    2   37   40  973  586  419  345  382  384      0      0
  384   38   41    2    2   37   40 1009  586  420  346  383  385      0      0
  385   38   41    2    2   37   40 1045  586  421  347  384  386      0      0
  386   38   41    2    2   37   40 1081  586  422  348  385  387      0      0
  387   38   41    2    2   37   40 1117  586  423  349  386  388      0      0
  388   38   41    2    2   37   40 1153  586  424  350  387  389      0      0
  389   38   41    2    2   38   40 1189  586  425  351  388   -1      1      0
  390   38   41    1    2   37   41 1261  586   -1  352   -1  391     -1      1
  391   38   41    2    2   37   40 1297  586  426  353  390  392      0      0
  392   38   41    2    2   37   40 1333  586  427  354  391  393      0      0
  393   38   41    2    2   37   40 1369  586  428  355  392  394      0      0
  394   38   41    2    2   37   40 1405  586  429  356  393  357      0      0
  395   38   41    2    2   37   40    1  625  430  357  429  396      0      0
  396   38   41    2    2   37   40   37  625  431  358  395  397      0      0
  397   38   41    2    2   37   40   73  625  432  359  396  398      0      0
  398   38   41    2    2   37   40  109  625  433  360  397  399      0      0
  399   38   41    2    2   37   40  145  625  434  361  398  400      0      0
  400   38   41    2    2   37   40  181  625  435  362  399  401      0      0
  401   38   41    2    2   37   40  217  625  436  363  400  402      0      0
  402   38   41    2    2   37   40  253  625  437  364  401  403      0      0
  403   38   41    2    2   37   40  289  625  438  365  402  404      0      0
  404   38   41    2    2   37   40  325  625  439  366  403  405      0      0
  405   38   41    2    2   37   40  361  625  440  367  404  406      0      0
  406   38   41    2    2   37   40  397  625  441  368  405  407      0      0
  407   38   41    2    2   37   40  433  625  442  369  406  408      0      0
  408   38   41    2    2   37   40  469  625  443  370  407  409      0      0
  409   38   41    2    2   37   40  505  625  444  371  408  410      0      0
  410   38   41    2    2   37   40  541  625  445  372  409  411      0      0
  411   38   41    2    2   37   40  577  625  446  373  410  412      0      0
  412   38   41    2    2   37   40  613  625  447  374  411  413      0      0
  413   38   41    2    2   37   40  649  625  448  375  412  414      0      0
  414   38   41    2    2   37   40  685  625  449  376  413  415      0      0
  415   38   41    2    2   37   40  721  625  450  377  414  416      0      0
  416   38   41    2    2   37   40  757  625  451  378  415  417      0      0
  417   38   41    2    2   37   40  793  625  452  379  416  418      0      0
  418   38   41    2    2   38   40  829  625  453  380  417   -1      1      0
  419   38   41    1    2   37   40  973  625  455  383   -1  420     -1      0
  420   38   41    2    2   37   40 1009  625  456  384  419  421      0      0
  421   38   41    2    2   37   40 1045  625  457  385  420  422      0      0
  422   38   41    2    2   37   40 1081  625  458  386  421  423      0      0
  423   38   41    2    2   37   40 1117  625  459  387  422  424      0      0
  424   38   41    2    2   37   40 1153  625  460  388  423  425      0      0
  425   38   41    2    2   38   40 1189  625  461  389  424   -1      1      0
  426   38   41    1    2   37   40 1297  625  462  391   -1  427     -1      0
  427   38   41    2    2   37   40 1333  625  463  392  426  428      0      0
  428   38   41    2    2   37   40 1369  625  464  393  427  429      0      0
  429   38   41    2    2   37   40 1405  625  465  394  428  395      0      0
  430   38   41    2    2   37   40    1  664  466  395  465  431      0      0
  431   38   41    2    2   37   40   37  664  467  396  430  432      0      0
  432   38   41    2    2   37   40   73  664  468  397  431  433      0      0
  433   38   41    2    2   37   40  109  664  469  398  432  434      0      0
  434   38   41    2    2   37   40  145  664  470  399  433  435      0      0
  435   38   41    2    2   37   40  181  664  471  400  434  436      0      0
  436   38   41    2    2   37   40  217  664  472  401  435  437      0      0
  437   38   41    2    2   37   40  253  664  473  402  436  438      0      0
  438   38   41    2    2   37   40  289  664  474  403  437  439      0      0
  439   38   41    2    2   37   40  325  664  475  404  438  440      0      0
  440   38   41    2    2   37   40  361  664  476  405  439  441      0      0
  441   38   41    2    2   37   40  397  664  477  406  440  442      0      0
  442   38   41    2    2   37   40  433  664  478  407  441  443      0      0
  443   38   41    2    2   37   40  469  664  479  408  442  444      0      0
  444   38   41    2    2   37   40  505  664  480  409  443  445      0      0
  445   38   41    2    2   37   40  541  664  481  410  444  446      0      0
  446   38   41    2    2   37   40  577  664  482  411  445  447      0      0
  447   38   41    2    2   37   40  613  664  483  412  446  448      0      0
  448   38   41    2    2   37   40  649  664  484  413  447  449      0      0
  449   38   41    2    2   37   40  685  664  485  414  448  450      0      0
  450   38   41    2    2   37   40  721  664  486  415  449  451      0      0
  451   38   41    2    2   37   40  757  664  487  416  450  452      0      0
  452   38   41    2    2   37   40  793  664  488  417  451  453      0      0
  453   38   41    2    2   38   40  829  664  489  418  452   -1      1      0
  454   38   41    1    1   37   40  937  664  492   -1   -1  455     -1     -1
  455   38   41    2    2   37   40  973  664  493  419  454  456      0      0
  456   38   41    2    2   37   40 1009  664  494  420  455  457      0      0
  457   38   41    2    2   37   40 1045  664  495  421  456  458      0      0
  458   38   41    2    2   37   40 1081  664  496  422  457  459      0      0
  459   38   41    2    2   37   40 1117  664  497  423  458  460      0      0
  460   38   41    2    2   37   40 1153  664  498  424  459  461      0      0
  461   38   41    2    2   38   41 1189  664   -1  425  460   -1      1      1
  462   38   41    1    2   37   40 1297  664  499  426   -1  463     -1      0
  463   38   41    2    2   37   40 1333  664  500  427  462  464      0      0
  464   38   41    2    2   37   40 1369  664  501  428  463  465      0      0
  465   38   41    2    2   37   40 1405  664  502  429  464  430      0      0
  466   38   41    2    2   37   40    1  703  503  430  502  467      0      0
  467   38   41    2    2   37   40   37  703  504  431  466  468      0      0
  468   38   41    2    2   37   40   73  703  505  432  467  469      0      0
  469   38   41    2    2   37   40  109  703  506  433  468  470      0      0
  470   38   41    2    2   37   40  145  703  507  434  469  471      0      0
  471   38   41    2    2   37   40  181  703  508  435  470  472      0      0
  472   38   41    2    2   37   40  217  703  509  436  471  473      0      0
  473   38   41    2    2   37   40  253  703  510  437  472  474      0      0
  474   38   41    2    2   37   40  289  703  511  438  473  475      0      0
  475   38   41    2    2   37   40  325  703  512  439  474  476      0      0
  476   38   41    2    2   37   40  361  703  513  440  475  477      0      0
  477   38   41    2    2   37   40  397  703  514  441  476  478      0      0
  478   38   41    2    2   37   40  433  703  515  442  477  479      0      0
  479   38   41    2    2   37   40  469  703  516  443  478  480      0      0
  480   38   41    2    2   37   40  505  703  517  444  479  481      0      0
  481   38   41    2    2   37   40  541  703  518  445  480  482      0      0
  482   38   41    2    2   37   40  577  703  519  446  481  483      0      0
  483   38   41    2    2   37   40  613  703  520  447  482  484      0      0
  484   38   41    2    2   37   40  649  703  521  448  483  485      0      0
  485   38   41    2    2   37   40  685  703  522  449  484  486      0      0
  486   38   41    2    2   37   40  721  703  523  450  485  487      0      0
  487   38   41    2    2   37   40  757  703  524  451  486  488      0      0
  488   38   41    2    2   37   40  793  703  525  452  487  489      0      0
  489   38   41    2    2   37   40  829  703  526  453  488  490      0      0
  490   38   41    2    1   37   40  865  703  527   -1  489  491      0     -1
  491   38   41    2    1   37   40  901  703  528   -1  490  492      0     -1
  492   38   41    2    2   37   40  937  703  529  454  491  493      0      0
  493   38   41    2    2   37   40  973  703  530  455  492  494      0      0
  494   38   41    2    2   37   40 1009  703  531  456  493  495      0      0
  495   38   41    2    2   37   40 1045  703  532  457  494  496      0      0
  496   38   41    2    2   37   40 1081  703  533  458  495  497      0      0
  497   38   41    2    2   37   41 1117  703   -1  459  496  498      0      1
  498   38   41    2    2   38   41 1153  703   -1  460  497   -1      1      1
  499   38   41    1    2   37   40 1297  703  535  462   -1  500     -1      0
  500   38   41    2    2   37   40 1333  703  536  463  499  501      0      0
  501   38   41    2    2   37   40 1369  703  537  464  500  502      0      0
  502   38   41    2    2   37   40 1405  703  538  465  501  466      0      0
  503   38   41    2    2   37   41    1  742   -1  466  538  504      0      1
  504   38   41    2    2   37   41   37  742   -1  467  503  505      0      1
  505   38   41    2    2   37   41   73  742   -1  468  504  506      0      1
  506   38   41    2    2   37   41  109  742   -1  469  505  507      0      1
  507   38   41    2    2   37   40  145  742  539  470  506  508      0      0
  508   38   41    2    2   37   40  181  742  540  471  507  509      0      0
  509   38   41    2    2   37   40  217  742  541  472  508  510      0      0
  510   38   41    2    2   37   40  253  742  542  473  509  511      0      0
  511   38   41    2    2   37   40  289  742  543  474  510  512      0      0
  512   38   41    2    2   37   40  325  742  544  475  511  513      0      0
  513   38   41    2    2   37   40  361  742  545  476  512  514      0      0
  514   38   41    2    2   37   40  397  742  546  477  513  515      0      0
  515   38   41    2    2   37   40  433  742  547  478  514  516      0      0
  516   38   41    2    2   37   40  469  742  548  479  515  517      0      0
  517   38   41    2    2   37   40  505  742  549  480  516  518      0      0
  518   38   41    2    2   37   40  541  742  550  481  517  519      0      0
  519   38   41    2    2   37   40  577  742  551  482  518  520      0      0
  520   38   41    2    2   37   40  613  742  552  483  519  521      0      0
  521   38   41    2    2   37   40  649  742  553  484  520  522      0      0
  522   38   41    2    2   37   40  685  742  554  485  521  523      0      0
  523   38   41    2    2   37   40  721  742  555  486  522  524      0      0
  524   38   41    2    2   37   40  757  742  556  487  523  525      0      0
  525   38   41    2    2   37   40  793  742  557  488  524  526      0      0
  526   38   41    2    2   37   40  829  742  558  489  525  527      0      0
  527   38   41    2    2   37   40  865  742  559  490  526  528      0      0
  528   38   41    2    2   37   40  901  742  560  491  527  529      0      0
  529   38   41    2    2   37   40  937  742  561  492  528  530      0      0
  530   38   41    2    2   37   40  973  742  562  493  529  531      0      0
  531   38   41    2    2   37   40 1009  742  563  494  530  532      0      0
  532   38   41    2    2   37   40 1045  742  564  495  531  533      0      0
  533   38   41    2    2   38   40 1081  742  565  496  532   -1      1      0
  534   38   41    1    1   37   40 1261  742  568   -1   -1  535     -1     -1
  535   38   41    2    2   37   40 1297  742  569  499  534  536      0      0
  536   38   41    2    2   37   40 1333  742  570  500  535  537      0      0
  537   38   41    2    2   37   40 1369  742  571  501  536  538      0      0
  538   38   41    2    2   37   40 1405  742  572  502  537  503      0      0
  539   38   41    1    2   37   40  145  781  573  507   -1  540     -1      0
  540   38   41    2    2   37   40  181  781  574  508  539  541      0      0
  541   38   41    2    2   37   40  217  781  575  509  540  542      0      0
  542   38   41    2    2   37   40  253  781  576  510  541  543      0      0
  543   38   41    2    2   37   40  289  781  577  511  542  544      0      0
  544   38   41    2    2   37   40  325  781  578  512  543  545      0      0
  545   38   41    2    2   37   40  361  781  579  513  544  546      0      0
  546   38   41    2    2   37   40  397  781  580  514  545  547      0      0
  547   38   41    2    2   37   40  433  781  581  515  546  548      0      0
  548   38   41    2    2   37   40  469  781  582  516  547  549      0      0
  549   38   41    2    2   37   40  505  781  583  517  548  550      0      0
  550   38   41    2    2   37   40  541  781  584  518  549  551      0      0
  551   38   41    2    2   37   40  577  781  585  519  550  552      0      0
  552   38   41    2    2   37   40  613  781  586  520  551  553      0      0
  553   38   41    2    2   37   40  649  781  587  521  552  554      0      0
  554   38   41    2    2   37   41  685  781   -1  522  553  555      0      1
  555   38   41    2    2   37   41  721  781   -1  523  554  556      0      1
  556   38   41    2    2   37   41  757  781   -1  524  555  557      0      1
  557   38   41    2    2   37   40  793  781  588  525  556  558      0      0
  558   38   41    2    2   37   40  829  781  589  526  557  559      0      0
  559   38   41    2    2   37   40  865  781  590  527  558  560      0      0
  560   38   41    2    2   37   40  901  781  591  528  559  561      0      0
  561   38   41    2    2   37   40  937  781  592  529  560  562      0      0
  562   38   41    2    2   37   40  973  781  593  530  561  563      0      0
  563   38   41    2    2   37   40 1009  781  594  531  562  564      0      0
  564   38   41    2    2   37   40 1045  781  595  532  563  565      0      0
  565   38   41    2    2   38   40 1081  781  596  533  564   -1      1      0
  566   38   41    1    1   37   40 1189  781  599   -1   -1  567     -1     -1
  567   38   41    2    1   37   40 1225  781  600   -1  566  568      0     -1
  568   38   41    2    2   37   40 1261  781  601  534  567  569      0      0
  569   38   41    2    2   37   41 1297  781   -1  535  568  570      0      1
  570   38   41    2    2   37   41 1333  781   -1  536  569  571      0      1
  571   38   41    2    2   37   41 1369  781   -1  537  570  572      0      1
  572   38   41    2    2   38   41 1405  781   -1  538  571   -1      1      1
  573   38   41    1    2   37   40  145  820  602  539   -1  574     -1      0
  574   38   41    2    2   37   40  181  820  603  540  573  575      0      0
  575   38   41    2    2   37   40  217  820  604  541  574  576      0      0
  576   38   41    2    2   37   40  253  820  605  542  575  577      0      0
  577   38   41    2    2   37   40  289  820  606  543  576  578      0      0
  578   38   41    2    2   37   40  325  820  607  544  577  579      0      0
  579   38   41    2    2   37   40  361  820  608  545  578  580      0      0
  580   38   41    2    2   37   40  397  820  609  546  579  581      0      0
  581   38   41    2    2   37   40  433  820  610  547  580  582      0      0
  582   38   41    2    2   37   40  469  820  611  548  581  583      0      0
  583   38   41    2    2   37   40  505  820  612  549  582  584      0      0
  584   38   41    2    2   37   40  541  820  613  550  583  585      0      0
  585   38   41    2    2   37   40  577  820  614  551  584  586      0      0
  586   38   41    2    2   37   40  613  820  615  552  585  587      0      0
  587   38   41    2    2   38   40  649  820  616  553  586   -1      1      0
  588   38   41    1    2   37   41  793  820   -1  557   -1  589     -1      1
  589   38   41    2    2   37   40  829  820  617  558  588  590      0      0
  590   38   41    2    2   37   40  865  820  618  559  589  591      0      0
  591   38   41    2    2   37   40  901  820  619  560  590  592      0      0
  592   38   41    2    2   37   40  937  820  620  561  591  593      0      0
  593   38   41    2    2   37   40  973  820  621  562  592  594      0      0
  594   38   41    2    2   37   40 1009  820  622  563  593  595      0      0
  595   38   41    2    2   37   40 1045  820  623  564  594  596      0      0
  596   38   41    2    2   37   40 1081  820  624  565  595  597      0      0
  597   38   41    2    1   37   40 1117  820  625   -1  596  598      0     -1
  598   38   41    2    1   37   40 1153  820  626   -1  597  599      0     -1
  599   38   41    2    2   37   40 1189  820  627  566  598  600      0      0
  600   38   41    2    2   37   40 1225  820  628  567  599  601      0      0
  601   38   41    2    2   38   40 1261  820  629  568  600   -1      1      0
  602   38   41    1    2   37   41  145  859   -1  573   -1  603     -1      1
  603   38   41    2    2   37   41  181  859   -1  574  602  604      0      1
  604   38   41    2    2   37   41  217  859   -1  575  603  605      0      1
  605   38   41    2    2   37   40  253  859  631  576  604  606      0      0
  606   38   41    2    2   37   40  289  859  632  577  605  607      0      0
  607   38   41    2    2   37   40  325  859  633  578  606  608      0      0
  608   38   41    2    2   37   40  361  859  634  579  607  609      0      0
  609   38   41    2    2   37   40  397  859  635  580  608  610      0      0
  610   38   41    2    2   37   40  433  859  636  581  609  611      0      0
  611   38   41    2    2   37   40  469  859  637  582  610  612      0      0
  612   38   41    2    2   37   40  505  859  638  583  611  613      0      0
  613   38   41    2    2   37   40  541  859  639  584  612  614      0      0
  614   38   41    2    2   37   40  577  859  640  585  613  615      0      0
  615   38   41    2    2   37   40  613  859  641  586  614  616      0      0
  616   38   41    2    2   38   40  649  859  642  587  615   -1      1      0
  617   38   41    1    2   37   41  829  859   -1  589   -1  618     -1      1
  618   38   41    2    2   37   40  865  859  643  590  617  619      0      0
  619   38   41    2    2   37   40  901  859  644  591  618  620      0      0
  620   38   41    2    2   37   40  937  859  645  592  619  621      0      0
  621   38   41    2    2   37   40  973  859  646  593  620  622      0      0
  622   38   41    2    2   37   40 1009  859  647  594  621  623      0      0
  623   38   41    2    2   37   40 1045  859  648  595  622  624      0      0
  624   38   41    2    2   37   40 1081  859  649  596  623  625      0      0
  625   38   41    2    2   37   40 1117  859  650  597  624  626      0      0
  626   38   41    2    2   37   40 1153  859  651  598  625  627      0      0
  627   38   41    2    2   37   40 1189  859  652  599  626  628      0      0
  628   38   41    2    2   37   40 1225  859  653  600  627  629      0      0
  629   38   41    2    2   37   40 1261  859  654  601  628  630      0      0
  630   38   41    2    1   38   40 1297  859  655   -1  629   -1      1     -1
  631   38   41    1    2   37   40  253  898  656  605   -1  632     -1      0
  632   38   41    2    2   37   40  289  898  657  606  631  633      0      0
  633   38   41    2    2   37   40  325  898  658  607  632  634      0      0
  634   38   41    2    2   37   40  361  898  659  608  633  635      0      0
  635   38   41    2    2   37   40  397  898  660  609  634  636      0      0
  636   38   41    2    2   37   40  433  898  661  610  635  637      0      0
  637   38   41    2    2   37   40  469  898  662  611  636  638      0      0
  638   38   41    2    2   37   40  505  898  663  612  637  639      0      0
  639   38   41    2    2   37   40  541  898  664  613  638  640      0      0
  640   38   41    2    2   37   40  577  898  665  614  639  641      0      0
  641   38   41    2    2   37   40  613  898  666  615  640  642      0      0
  642   38   41    2    2   38   41  649  898   -1  616  641   -1      1      1
  643   38   41    1    2   37   41  865  898   -1  618   -1  644     -1      1
  644   38   41    2    2   37   40  901  898  669  619  643  645      0      0
  645   38   41    2    2   37   40  937  898  670  620  644  646      0      0
  646   38   41    2    2   37   40  973  898  671  621  645  647      0      0
  647   38   41    2    2   37   40 1009  898  672  622  646  648      0      0
  648   38   41    2    2   37   40 1045  898  673  623  647  649      0      0
  649   38   41    2    2   37   40 1081  898  674  624  648  650      0      0
  650   38   41    2    2   37   40 1117  898  675  625  649  651      0      0
  651   38   41    2    2   37   40 1153  898  676  626  650  652      0      0
  652   38   41    2    2   37   40 1189  898  677  627  651  653      0      0
  653   38   41    2    2   37   41 1225  898   -1  628  652  654      0      1
  654   38   41    2    2   37   41 1261  898   -1  629  653  655      0      1
  655   38   41    2    2   38   41 1297  898   -1  630  654   -1      1      1
  656   38   41    1    2   37   40  253  937  678  631   -1  657     -1      0
  657   38   41    2    2   37   40  289  937  679  632  656  658      0      0
  658   38   41    2    2   37   40  325  937  680  633  657  659      0      0
  659   38   41    2    2   37   40  361  937  681  634  658  660      0      0
  660   38   41    2    2   37   40  397  937  682  635  659  661      0      0
  661   38   41    2    2   37   40  433  937  683  636  660  662      0      0
  662   38   41    2    2   37   40  469  937  684  637  661  663      0      0
  663   38   41    2    2   37   40  505  937  685  638  662  664      0      0
  664   38   41    2    2   37   40  541  937  686  639  663  665      0      0
  665   38   41    2    2   37   40  577  937  687  640  664  666      0      0
  666   38   41    2    2   38   41  613  937   -1  641  665   -1      1      1
  667   38   41    1    1   37   40  793  937  689   -1   -1  668     -1     -1
  668   38   41    2    1   38   40  829  937  690   -1  667   -1      1     -1
  669   38   41    1    2   37   40  901  937  692  644   -1  670     -1      0
  670   38   41    2    2   37   40  937  937  693  645  669  671      0      0
  671   38   41    2    2   37   40  973  937  694  646  670  672      0      0
  672   38   41    2    2   37   40 1009  937  695  647  671  673      0      0
  673   38   41    2    2   37   40 1045  937  696  648  672  674      0      0
  674   38   41    2    2   37   40 1081  937  697  649  673  675      0      0
  675   38   41    2    2   37   40 1117  937  698  650  674  676      0      0
  676   38   41    2    2   37   40 1153  937  699  651  675  677      0      0
  677   38   41    2    2   38   40 1189  937  700  652  676   -1      1      0
  678   38   41    1    2   37   41  253  976   -1  656   -1  679     -1      1
  679   38   41    2    2   37   41  289  976   -1  657  678  680      0      1
  680   38   41    2    2   37   40  325  976  702  658  679  681      0      0
  681   38   41    2    2   37   40  361  976  703  659  680  682      0      0
  682   38   41    2    2   37   40  397  976  704  660  681  683      0      0
  683   38   41    2    2   37   40  433  976  705  661  682  684      0      0
  684   38   41    2    2   37   40  469  976  706  662  683  685      0      0
  685   38   41    2    2   37   41  505  976   -1  663  684  686      0      1
  686   38   41    2    2   37   41  541  976   -1  664  685  687      0      1
  687   38   41    2    2   38   41  577  976   -1  665  686   -1      1      1
  688   38   41    1    1   37   40  757  976  707   -1   -1  689     -1     -1
  689   38   41    2    2   37   40  793  976  708  667  688  690      0      0
  690   38   41    2    2   37   40  829  976  709  668  689  691      0      0
  691   38   41    2    1   37   40  865  976  710   -1  690  692      0     -1
  692   38   41    2    2   37   40  901  976  711  669  691  693      0      0
  693   38   41    2    2   37   40  937  976  712  670  692  694      0      0
  694   38   41    2    2   37   40  973  976  713  671  693  695      0      0
  695   38   41    2    2   37   40 1009  976  714  672  694  696      0      0
  696   38   41    2    2   37   40 1045  976  715  673  695  697      0      0
  697   38   41    2    2   37   40 1081  976  716  674  696  698      0      0
  698   38   41    2    2   37   40 1117  976  717  675  697  699      0      0
  699   38   41    2    2   37   40 1153  976  718  676  698  700      0      0
  700   38   41    2    2   37   40 1189  976  719  677  699  701      0      0
  701   38   41    2    1   38   40 1225  976  720   -1  700   -1      1     -1
  702   38   41    1    2   37   40  325 1015  722  680   -1  703     -1      0
  703   38   41    2    2   37   40  361 1015  723  681  702  704      0      0
  704   38   41    2    2   37   40  397 1015  724  682  703  705      0      0
  705   38   41    2    2   37   40  433 1015  725  683  704  706      0      0
  706   38   41    2    2   38   40  469 1015  726  684  705   -1      1      0
  707   38   41    1    2   37   40  757 1015  729  688   -1  708     -1      0
  708   38   41    2    2   37   40  793 1015  730  689  707  709      0      0
  709   38   41    2    2   37   40  829 1015  731  690  708  710      0      0
  710   38   41    2    2   37   40  865 1015  732  691  709  711      0      0
  711   38   41    2    2   37   40  901 1015  733  692  710  712      0      0
  712   38   41    2    2   37   40  937 1015  734  693  711  713      0      0
  713   38   41    2    2   37   40  973 1015  735  694  712  714      0      0
  714   38   41    2    2   37   41 1009 1015   -1  695  713  715      0      1
  715   38   41    2    2   37   40 1045 1015  736  696  714  716      0      0
  716   38   41    2    2   37   40 1081 1015  737  697  715  717      0      0
  717   38   41    2    2   37   40 1117 1015  738  698  716  718      0      0
  718   38   41    2    2   37   40 1153 1015  739  699  717  719      0      0
  719   38   41    2    2   37   40 1189 1015  740  700  718  720      0      0
  720   38   41    2    2   38   40 1225 1015  741  701  719   -1      1      0
  721   38   41    1    1   37   40  289 1054  743   -1   -1  722     -1     -1
  722   38   41    2    2   37   40  325 1054  744  702  721  723      0      0
  723   38   41    2    2   37   40  361 1054  745  703  722  724      0      0
  724   38   41    2    2   37   40  397 1054  746  704  723  725      0      0
  725   38   41    2    2   37   40  433 1054  747  705  724  726      0      0
  726   38   41    2    2   37   40  469 1054  748  706  725  727      0      0
  727   38   41    2    1   37   40  505 1054  749   -1  726  728      0     -1
  728   38   41    2    1   38   40  541 1054  750   -1  727   -1      1     -1
  729   38   41    1    2   37   41  757 1054   -1  707   -1  730     -1      1
  730   38   41    2    2   37   41  793 1054   -1  708  729  731      0      1
  731   38   41    2    2   37   40  829 1054  751  709  730  732      0      0
  732   38   41    2    2   37   40  865 1054  752  710  731  733      0      0
  733   38   41    2    2   37   40  901 1054  753  711  732  734      0      0
  734   38   41    2    2   37   40  937 1054  754  712  733  735      0      0
  735   38   41    2    2   38   40  973 1054  755  713  734   -1      1      0
  736   38   41    1    2   37   40 1045 1054  756  715   -1  737     -1      0
  737   38   41    2    2   37   40 1081 1054  757  716  736  738      0      0
  738   38   41    2    2   37   40 1117 1054  758  717  737  739      0      0
  739   38   41    2    2   37   40 1153 1054  759  718  738  740      0      0
  740   38   41    2    2   37   40 1189 1054  760  719  739  741      0      0
  741   38   41    2    2   38   40 1225 1054  761  720  740   -1      1      0
  742   38   41    1    1   37   40  253 1093  763   -1   -1  743     -1     -1
  743   38   41    2    2   37   40  289 1093  764  721  742  744      0      0
  744   38   41    2    2   37   40  325 1093  765  722  743  745      0      0
  745   38   41    2    2   37   40  361 1093  766  723  744  746      0      0
  746   38   41    2    2   37   40  397 1093  767  724  745  747      0      0
  747   38   41    2    2   37   40  433 1093  768  725  746  748      0      0
  748   38   41    2    2   37   40  469 1093  769  726  747  749      0      0
  749   38   41    2    2   37   40  505 1093  770  727  748  750      0      0
  750   38   41    2    2   38   40  541 1093  771  728  749   -1      1      0
  751   38   41    1    2   37   40  829 1093  775  731   -1  752     -1      0
  752   38   41    2    2   37   40  865 1093  776  732  751  753      0      0
  753   38   41    2    2   37   40  901 1093  777  733  752  754      0      0
  754   38   41    2    2   37   40  937 1093  778  734  753  755      0      0
  755   38   41    2    2   38   40  973 1093  779  735  754   -1      1      0
  756   38   41    1    2   37   40 1045 1093  781  736   -1  757     -1      0
  757   38   41    2    2   37   40 1081 1093  782  737  756  758      0      0
  758   38   41    2    2   37   40 1117 1093  783  738  757  759      0      0
  759   38   41    2    2   37   40 1153 1093  784  739  758  760      0      0
  760   38   41    2    2   37   40 1189 1093  785  740  759  761      0      0
  761   38   41    2    2   38   40 1225 1093  786  741  760   -1      1      0
  762   38   41    1    1   37   40  217 1132  789   -1   -1  763     -1     -1
  763   38   41    2    2   37   40  253 1132  790  742  762  764      0      0
  764   38   41    2    2   37   40  289 1132  791  743  763  765      0      0
  765   38   41    2    2   37   40  325 1132  792  744  764  766      0      0
  766   38   41    2    2   37   40  361 1132  793  745  765  767      0      0
  767   38   41    2    2   37   40  397 1132  794  746  766  768      0      0
  768   38   41    2    2   37   40  433 1132  795  747  767  769      0      0
  769   38   41    2    2   37   40  469 1132  796  748  768  770      0      0
  770   38   41    2    2   37   40  505 1132  797  749  769  771      0      0
  771   38   41    2    2   37   40  541 1132  798  750  770  772      0      0
  772   38   41    2    1   37   40  577 1132  799   -1  771  773      0     -1
  773   38   41    2    1   38   40  613 1132  800   -1  772   -1      1     -1
  774   38   41    1    1   37   40  793 1132  801   -1   -1  775     -1     -1
  775   38   41    2    2   37   40  829 1132  802  751  774  776      0      0
  776   38   41    2    2   37   40  865 1132  803  752  775  777      0      0
  777   38   41    2    2   37   40  901 1132  804  753  776  778      0      0
  778   38   41    2    2   37   40  937 1132  805  754  777  779      0      0
  779   38   41    2    2   37   40  973 1132  806  755  778  780      0      0
  780   38   41    2    1   37   40 1009 1132  807   -1  779  781      0     -1
  781   38   41    2    2   37   40 1045 1132  808  756  780  782      0      0
  782   38   41    2    2   37   40 1081 1132  809  757  781  783      0      0
  783   38   41    2    2   37   40 1117 1132  810  758  782  784      0      0
  784   38   41    2    2   37   40 1153 1132  811  759  783  785      0      0
  785   38   41    2    2   37   40 1189 1132  812  760  784  786      0      0
  786   38   41    2    2   38   40 1225 1132  813  761  785   -1      1      0
  787   38   37    1    1   37   37  145 1171  814   -1   -1  788     -1      2
  788   38   37    2    1   37   37  181 1171  813   -1  787  789      0      2
  789   38   37    2    2   37   37  217 1171  812  762  788  790      0      1
  790   38   37    2    2   37   37  253 1171  811  763  789  791      0      1
  791   38   37    2    2   37   37  289 1171  810  764  790  792      0      1
  792   38   37    2    2   37   37  325 1171  809  765  791  793      0      1
  793   38   37    2    2   37   37  361 1171  808  766  792  794      0      1
  794   38   37    2    2   37   37  397 1171  807  767  793  795      0      1
  795   38   37    2    2   37   37  433 1171  806  768  794  796      0      1
  796   38   37    2    2   37   37  469 1171  805  769  795  797      0      1
  797   38   37    2    2   37   37  505 1171  804  770  796  798      0      1
  798   38   37    2    2   37   37  541 1171  803  771  797  799      0      1
  799   38   37    2    2   37   37  577 1171  802  772  798  800      0      1
  800   38   37    2    2   38   37  613 1171  801  773  799   -1      1      1
  801   38   37    1    2   37   37  793 1171  800  774   -1  802     -1      1
  802   38   37    2    2   37   37  829 1171  799  775  801  803      0      1
  803   38   37    2    2   37   37  865 1171  798  776  802  804      0      1
  804   38   37    2    2   37   37  901 1171  797  777  803  805      0      1
  805   38   37    2    2   37   37  937 1171  796  778  804  806      0      1
  806   38   37    2    2   37   37  973 1171  795  779  805  807      0      1
  807   38   37    2    2   37   37 1009 1171  794  780  806  808      0      1
  808   38   37    2    2   37   37 1045 1171  793  781  807  809      0      1
  809   38   37    2    2   37   37 1081 1171  792  782  808  810      0      1
  810   38   37    2    2   37   37 1117 1171  791  783  809  811      0      1
  811   38   37    2    2   37   37 1153 1171  790  784  810  812      0      1
  812   38   37    2    2   37   37 1189 1171  789  785  811  813      0      1
  813   38   37    2    2   37   37 1225 1171  788  786  812  814      0      1
  814   38   37    2    1   38   37 1261 1171  787   -1  813   -1      1      2
  815   38   41    1    1   37   41    1    1   -1   -1   -1  816     -1      2
  816   38   41    2    1   37   41   37    1   -1   -1  815  817      0      2
  817   38   41    2    1   37   41   73    1   -1   -1  816  818      0      2
  818   38   41    2    1   37   41  109    1   -1   -1  817  819      0      2
  819   38   41    2    1   37   41  145    1   -1   -1  818  820      0      2
  820   38   41    2    1   37   41  181    1   -1   -1  819  821      0      2
  821   38   41    2    1   37   41  217    1   -1   -1  820  822      0      2
  822   38   41    2    1   37   41  253    1   -1   -1  821  823      0      2
  823   38   41    2    1   37   41  289    1   -1   -1  822  824      0      2
  824   38   41    2    1   37   41  325    1   -1   -1  823  825      0      2
  825   38   41    2    1   37   41  361    1   -1   -1  824  826      0      2
  826   38   41    2    1   37   41  397    1   -1   -1  825  827      0      2
  827   38   41    2    1   37   41  433    1   -1   -1  826  828      0      2
  828   38   41    2    1   37   41  469    1   -1   -1  827  829      0      2
  829   38   41    2    1   37   41  505    1   -1   -1  828  830      0      2
  830   38   41    2    1   38   41  541    1   -1   -1  829   -1      1      2


 number of subdomains located along the north fold :           28
 Rank of the subdomains located along the north fold :           28
         787         788         789         790         791
         792         793         794         795         796
         797         798         799         800         801
         802         803         804         805         806
         807         808         809         810         811
         812         813         814


 north fold exchanges with explicit point-to-point messaging :
 nfsloop :            0
 nfeloop :            0
 nsndto :            0
 isendto :            0           0           0
